Model's parameters: {'optimizer': 'sgd', 'total_images_per_class': 10000, 'ratio': 0.8, 'batch_size': 32, 'num_epochs': 20, 'lr': 0.01, 'es_min_delta': 0.0, 'es_patience': 3, 'data_path': 'data', 'log_path': 'tensorboard', 'saved_path': 'trained_models'}Epoch: 1/20 
Test loss: 0.356148898601532 Test accuracy: 0.9026513256628315 
Test confusion matrix: 
[[1898    3    1    9   14    4    3    1   14   20    3    4    2   10
     3    3    0    0    6    1]
 [   2 1748   37   11   11   56   20   14   12    4    2    3    0   41
     6    5    1   22    1    3]
 [   4   11 1785    4    4   12    2    6   43   27   12    5    5   17
    22   11    6    4   14    5]
 [  10    6    0 1902    3    9    4    0    3   13    8    5    5    7
     4    1    0    6   10    3]
 [  13    4    9    1 1782    7    2    2   86   16    0   15    1   15
     7    5    1    0   23   10]
 [  10   35    7   17    6 1713   40   17   52   19    3   16   20   14
     9    3    4    6    6    2]
 [   1   65    4    5    0   61 1798    3    4    3    5    6    0   10
     5    1    1   21    3    3]
 [   1   11    7    3    5   11    0 1913    5    5    1    5    1   19
     1    3    1    0    5    2]
 [   6    5   32    2   19   17    0    2 1794   46    1   10    4   27
    17    5    0    1   11    0]
 [   3    1    8   10    4    2    0    0   13 1901    0    5    2   14
    22    1    1    1    9    2]
 [   1    5    1   19    6   10    2    2   12   20 1675    7   11    7
    49   14   28    7   51   72]
 [   7   10    3    3   30   33    8    2   26   30    3 1771    7   20
    14    8    1    1   20    2]
 [   0    4    1   21    1    9    1    1    5    6    5    0 1867   38
     9    6    1    0   13   11]
 [   8    8    5    6    7   11    4    5   15   40    7   10   16 1756
    14   38    2    4   34    9]
 [   3    1   12   11    6    4    1    3   23  187   17    9   12   36
  1624   18    0    2   20   10]
 [   2    2    9    3    5    7    3    2    8    7    2    5    7   15
    49 1806    0    0   58    9]
 [   3    6    3    3    8   13    6    2   13    3   17    0    0    6
     3    6 1892    2    4    9]
 [   0   25    2   11    3    5   11    0   10    6   13    2    3    9
    10    1    1 1878    7    2]
 [   2    1    6   17   10    4    4    0   18   27   32    4   18   32
    28   19    0    4 1757   16]
 [   0    4    2    8    6    1    2    0    6    3   19    3    9   26
    13   19   11    3   36 1828]]

Epoch: 2/20 
Test loss: 0.32485365867614746 Test accuracy: 0.910655327663832 
Test confusion matrix: 
[[1880    3    2   14   24    9    3    2   13    9    7    8    0    8
     3    5    2    3    3    1]
 [   0 1800   45    6    6   28   30    4    3    1   17    4    0   16
     5    2    2   24    2    4]
 [   2   13 1829    3    7    6    2    2   40    6   25    4    2   13
    17    3    3    6    6   10]
 [   3    1    1 1907    2    7    3    0    2    5   30    9    0    2
     6    1    1    8    4    7]
 [   5   12   19    0 1786    2    1    1   65    6   24   20    0   16
     4    4    4    2   11   17]
 [   6   54   11   18    3 1716   52   16   28    4   17   26    9    4
     9    2    9    9    1    5]
 [   1   33    4    3    1   30 1848    4    0    2   19    7    0    4
     1    2    2   33    2    3]
 [   0   22   18    2    0    7    2 1908    3    1    4    7    0    9
     2    2    2    3    1    6]
 [   6    4   39    3   11   13    3    3 1812   12   22   16    0   15
    12    3    1    7   11    6]
 [   5    7   10   18    2    1    0    0   12 1822   18   11    1   18
    61    1    2    2    5    3]
 [   1    3    7    9    1    4    3    1    8    4 1882    8    0    2
     7    8    4    4   10   33]
 [   5    9    7    7   29   14    8    3   17    3   30 1811    3   17
    14    5    2    2    6    7]
 [   2    3    7   24    4    9    0    1    4    3   39    0 1810   41
     5    4    1    1    4   37]
 [   5   21   18    7    4   11    3    1   14   12   26   16    8 1753
    26   32    0    9   10   23]
 [   3    6   49    8    3    6    2    4   23   60   47    8    0   23
  1703   14    1    5   13   21]
 [   0    3   24    2    6    3    3    2    3    2   19    3    3   21
    24 1840    0    6   25   10]
 [   1    7    3    0    2   10    2    2    5    1   68    3    0    1
     2    4 1869    1    2   16]
 [   0   22    5    3    1    1    8    0    4    0   25    2    1    3
     4    2    1 1910    3    4]
 [   0    5    9   19    1    2    2    0   11    8  122    7    6   48
    21   27    2   14 1637   58]
 [   1    3    3    2    2    2    0    0    2    0   50    5    0    9
     7    9    8    3    8 1885]]

Epoch: 3/20 
Test loss: 0.2956070899963379 Test accuracy: 0.9204352176088044 
Test confusion matrix: 
[[1904    4    0   10   12    6    3    0   13   10    0    4    0    9
     6    3    2    1    8    4]
 [   1 1866   14    8    4   23   22    4    3    6    4    5    2   13
     3    1    2   10    5    3]
 [   2   29 1796    6    9    5    3    5   31   13   16    4    6   13
    15   11    5    2   19    9]
 [   3    6    0 1905    4    6    0    1    3    9   15   11    5    0
     4    1    0    3   16    7]
 [  12   11    9    1 1844    5    0    2   39    3    3   21    0    5
     2    3    8    0   16   15]
 [   5   62    5   16    7 1695   63   13   28    8    4   25   11    8
     9    1   23    4    8    4]
 [   0   46    2    4    3   31 1848    2    1    3    7   16    0    5
     2    3    3   17    2    4]
 [   0   22   11    1    4    6    4 1916    2    3    2    9    0    5
     1    2    2    0    6    3]
 [   7    8   34    4   20   16    1    4 1799   18    4   15    0   13
    16    5    4    7   19    5]
 [   6    5    2    6    4    2    0    0   10 1873    2    9    0    9
    49    1    3    0   14    4]
 [   2    4    0    7    5    4    3    0    8   13 1817    7    1    5
    18    6   20    2   57   20]
 [   7   12    2    5   25   10    1    0   17   12    4 1841    7   14
     9    4    4    1   21    3]
 [   0    4    1   15    0    8    2    0    3    3   12    1 1851   26
    11    6    1    0   32   23]
 [   4   24    8   12    6    6    4    4    6   19    7   18   10 1741
    19   33    1    3   41   33]
 [   3    4   10    6    4    3    1    4   18   83   19    6    0   20
  1743   30    0    2   28   15]
 [   1    7    9    2    8    1    2    2    2    3    3    3    4   11
    22 1862    0    2   51    4]
 [   1    3    0    1    2    8    0    1    4    0   17    5    0    2
     3    4 1929    0   10    9]
 [   1   22    0    7    3    5   15    1    6    2   20    2    1    4
     7    1    1 1882   13    6]
 [   0    4    3   10    6    4    2    0    9   12   22    6    5   13
    17   31    4    2 1828   21]
 [   1    4    1    3    5    1    1    0    1    0   42    6    1    4
    11   11    9    2   37 1859]]

Epoch: 4/20 
Test loss: 0.2934068441390991 Test accuracy: 0.9199099549774887 
Test confusion matrix: 
[[1929    1    1    3   18    1    2    0   11   11    0    4    1    2
     2    3    0    0    9    1]
 [   3 1897    6    9   12   11    3    7    4    1    1    4    0   21
     5    3    0    4    7    1]
 [   2   43 1756    3   21    6    0    7   40   12   11    6    6   12
    26   18    2    6   21    1]
 [  18    5    0 1906    4    2    0    0    2   10    7    9    3    1
     2    1    0    5   18    6]
 [  10    6    6    1 1886    2    0    1   29    2    1   11    1    4
     2    7    1    0   24    5]
 [  21   87    4   10   15 1702   23   13   32   12    1   23    7    9
     6    5   12    3    9    5]
 [   4  128    1   11    3   46 1740    4    2    3    3    8    1    8
     1    5    1   12   16    2]
 [   1   22    3    2    5    5    1 1926    4    2    1    7    0    7
     2    3    1    0    5    2]
 [   7   12   17    2   25    6    0    7 1838   14    0   18    1   11
    15    7    0    0   19    0]
 [   7    3    3    4    8    0    0    1   10 1895    1    6    0    9
    28    2    0    0   20    2]
 [   3    5    0   14    5    5    3    2   10   14 1815    7    0    5
    20    4   10    3   62   12]
 [   8   13    1    7   34   14    1    3   20   17    1 1820    4    8
    10    6    0    1   30    1]
 [   2    2    0   21    3    8    0    0    4    4    6    1 1881   23
     9    7    0    0   19    9]
 [   9   16    5    8   19    6    1    6   10   11    5   25    8 1763
    15   34    1    2   48    7]
 [   6    6   11    3   10    3    0    4   18  101    9   10    3   18
  1732   18    0    1   34   12]
 [   1    2    6    3    6    3    1    4    2    2    3    4    2   14
    31 1858    0    0   54    3]
 [   4    8    0    4    6    7    0    4    7    3   28    1    0    1
     3    8 1900    0   10    5]
 [   2   50    1    9    6    5    2    2   12    4   14    1    1    6
     4    4    1 1852   21    2]
 [   4    2    4   15   13    2    1    1   11   15   13    5    3   14
    10   17    0    1 1857   11]
 [   1    2    1    8   23    0    0    2    1    1   31    4    3    9
     5    7    4    3   69 1825]]

Epoch: 5/20 
Test loss: 0.2879871428012848 Test accuracy: 0.9232866433216609 
Test confusion matrix: 
[[1913    1    0   10    9    7    3    1   15    5    2    5    0   12
     2    2    0    3    7    2]
 [   1 1775   10    3    5   38   75   12    3    2    5    6    3   25
     5    5    0   19    3    4]
 [   0   19 1754    4    3    6    2    6   66    9   12   10    8   27
    26   16    2    7   12   10]
 [   5    2    0 1891    2    9    3    0    3    4   21   12    9    4
     3    1    0   11    9   10]
 [  11    3    6    0 1795    4    1    3   64    3    4   39    1   16
     6    3    5    2   18   15]
 [   6   31    3   11    5 1730   72   11   43    4    7   29    6   15
     8    0    1    9    3    5]
 [   1   16    1    2    2   14 1901    3    1    1    8   10    0    4
     1    4    1   24    2    3]
 [   0   12    4    0    0    7    6 1926    3    3    2    9    4   13
     3    2    1    0    2    2]
 [   5    3   10    2    5    7    2    1 1858   17    2   17    1   27
    18    8    0    6    8    2]
 [   7    4    2   11    1    6    0    1   12 1861    2    8    3   12
    46    4    0    3   12    4]
 [   1    2    1    4    0    2    8    3   10    7 1817    9    2    8
    17    9    7   14   44   34]
 [   5    4    1    4    5   17    6    3   23    6    1 1861    4   18
    16    5    0    3   14    3]
 [   0    3    0   12    0   10    1    0    4    2    7    4 1901   20
     9    4    0    2    6   14]
 [   2    5    3    8    4    3    5    2   12   13    8   21   18 1802
    13   21    0    9   26   24]
 [   6    4    9    7    1    4    1    5   24   64   12   11    6   22
  1761   19    1    4   25   13]
 [   0    1    6    2    2    0    1    2    1    2    3    6    4   34
    12 1872    0    2   43    6]
 [   1    1    0    2    1   23    8    4    9    1   37    2    0    2
     3    4 1886    1    2   12]
 [   0   13    0    2    1    2   13    2    7    1   11    1    2    3
     4    3    1 1919   10    4]
 [   2    1    1    9    2    3    2    0   15    4   17    7   12   25
    27   29    2    6 1812   23]
 [   1    2    2    2    6    1    2    2    4    1   32    3    4    7
     8   13    3    2   26 1878]]

Epoch: 6/20 
Test loss: 0.29064860939979553 Test accuracy: 0.9225112556278139 
Test confusion matrix: 
[[1906    1    4    1   29    2    3    0   11    6    2    3    0   12
     6    2    1    1    7    2]
 [   1 1858   17    0   10   25   20    6    1    2    2    4    1   14
     4    5    2   17    7    3]
 [   1   14 1828    2   26    4    3    3   19    6    8    4    5   12
    23   12    3    5   15    6]
 [  15    8    0 1811    5   16    5    0    3   12   39   12    4   13
    12    1    1    7   23   12]
 [   4    5   10    0 1906    3    1    1   15    3    2    7    0    9
     2    4    3    1   15    8]
 [   4   48    9    3   17 1760   41   15   24   11    3   19    3   12
     4    0   10    4    5    7]
 [   3   40    4    0    3   31 1847    2    1    3    4   13    0    6
     2    4    0   32    3    1]
 [   0   20   15    0    5    8    0 1913    1    1    2    5    1   13
     3    2    1    1    3    5]
 [   5   11   63    2   35    7    0    5 1767   23    2   14    0   23
    24    4    0    2   11    1]
 [   7    4    9    1   11    2    0    1    6 1841    2    6    0   43
    40    4    0    4   15    3]
 [   1    7    2    1    7    5    4    2    7    9 1831    8    0    8
    14    6   29    7   34   17]
 [   4   11    5    3   53   12    4    3   10    9    2 1803    0   39
    11    4    2    1   18    5]
 [   1    4    3    4    3   12    1    1    2    3    8    3 1864   39
    16    5    0    0    9   21]
 [   2   18   10    0   11    3    5    1   14    4    5    9    7 1817
    21   24    1    1   26   20]
 [   1    3   15    1   13    2    1    4   15   70   25    8    2   22
  1761   19    1    2   26    8]
 [   1    4    8    1   12    2    1    4    1    2    2    2    1   22
    21 1869    0    0   41    5]
 [   0    3    4    0    6    9    3    1    5    0    9    3    0    3
     3    5 1928    2    6    9]
 [   0   18    3    0    6    2    9    1    6    0    8    3    0    3
     5    5    3 1915    8    4]
 [   1    7    7    1   17    4    3    1    5    5   30    2    5   41
    22   28    2    2 1802   14]
 [   1    3    1    0   10    1    2    1    1    0   36    4    1   16
     8   11    4    2   42 1855]]

Epoch: 7/20 
Test loss: 0.2875470817089081 Test accuracy: 0.9225612806403202 
Test confusion matrix: 
[[1928    2    1    4   14    0    3    0    7    7    3    4    0    8
     3    2    0    2    9    2]
 [   3 1805   16    2    6   31   47   15    4    2    5    8    3   19
     4    3    2   13    9    2]
 [   3   13 1761    1   20    4    1   10   66    6   10    7    8   22
    17   16    4    4   21    5]
 [  11    5    0 1854    2    5    3    0    2    6   26    8   13    8
    10    2    0    6   25   13]
 [  12    2    4    0 1878    1    0    0   35    1    4   14    0    5
     1    4    5    0   24    9]
 [  12   36    2    7   10 1729   46   20   47    8    4   22   19   10
     4    2    4    4    9    4]
 [   4   25    3    2    0   28 1877    4    3    2    4    9    1    9
     3    2    2   12    7    2]
 [   1    9    5    0    2    7    1 1934    3    2    3    6    2   10
     0    2    1    0    9    2]
 [   7    5    9    2   23    6    2    5 1839   16    5   13    2   20
    14    7    3    3   16    2]
 [   5    5    2    2   10    2    0    0   13 1875    3    4    2   12
    36    4    1    1   18    4]
 [   2    3    2    3    7    2    5    1   11    9 1793    4    5    4
    15    5   21   10   57   40]
 [  12    7    1    3   30   11    7    3   15   14    3 1818    8   22
     9    5    1    2   23    5]
 [   0    2    0    9    2    5    0    0    3    4    6    2 1892   19
     9    2    0    0   26   18]
 [   6    9    3    2    9    3    3    5    6   10    9   15   21 1782
    15   25    0    0   54   22]
 [   2    4    8    3   10    3    0    6   32   65   16   13    6   19
  1744   24    1    1   31   11]
 [   0    1    3    0    6    1    1    4    3    5    3    5    3   28
    16 1865    0    0   51    4]
 [   2    1    2    1    4    9    5    4    8    2   15    3    0    3
     2    4 1915    1   10    8]
 [   0   25    0    2    1    0   19    0    8    1   14    2    1    4
     7    2    1 1887   22    3]
 [   2    2    1    4   15    1    3    0    8   11   14    6    9   14
    15   20    5    0 1855   14]
 [   1    1    2    2   10    0    1    2    2    0   20    7    4   14
     7   12    9    1   51 1853]]

Epoch: 8/20 
Test loss: 0.28970441222190857 Test accuracy: 0.9217608804402201 
Test confusion matrix: 
[[1904    5    5   11   22    5    2    1   10    6    2    5    0    4
     6    2    0    2    6    1]
 [   1 1897   11    1    7   24   14    3    3    4    4    5    1    7
     5    2    0    6    1    3]
 [   1   33 1776    3   17   13    2    7   32    8   11    5    4   13
    35   19    3    6    3    8]
 [   1    7    0 1884    4   11    5    0    4    7   16    4    8    3
    10    0    0    8   12   15]
 [   7    3    6    1 1896    6    0    1   27    2    4   10    1    5
     7    3    1    2    8    9]
 [   2   66    9    9   17 1736   58   10   30    4    3    8    4    7
     9    2    9    8    5    3]
 [   0   97    5    1    3   12 1835    2    2    2    3    7    0    4
     4    3    0   14    2    3]
 [   0   25    6    0    5    9    4 1922    1    4    2    4    0    5
     2    3    0    1    4    2]
 [   5    6   39    2   25   17    1    2 1806   13    5   12    0   15
    30    5    2    2    9    3]
 [   6    3    9   10   11    2    0    0    7 1811    2    5    0    8
   103    4    0    4   10    4]
 [   2   16    6    5    3    5    3    3    9    8 1805    5    1    6
    24    4   23    7   31   33]
 [   8   16    3    4   49   35    9    2   19    6    5 1780    5   17
    19    7    0    2    9    4]
 [   0    8    1   14    4   20    1    0    3    3    9    2 1878   18
    14    2    1    0    3   18]
 [   6   31   11    4   11   13    2    4   13    6   10   14   16 1761
    20   27    2    3   21   24]
 [   3    4   12    3    8    7    1    6   14   31   13    8    6   14
  1815   22    1    3   17   11]
 [   0    6    5    1    8    3    1    2    5    1    7    3    3   12
    32 1860    2    4   39    5]
 [   1    6    2    0    4   11    3    4    6    0   11    2    0    0
     5    4 1922    1    3   14]
 [   0   35    2    1    4    7    7    0    5    0   14    3    0    3
     8    2    1 1897    7    3]
 [   2    8    5   11   16    3    2    0    9    8   24    5    6   31
    27   16    4    7 1775   40]
 [   1    0    1    1    8    3    0    1    4    0   22    2    5    9
    10    8   10    1   21 1892]]

Epoch: 9/20 
Test loss: 0.2947465479373932 Test accuracy: 0.9206603301650825 
Test confusion matrix: 
[[1899    3    5   11   19    8    2    1   10   14    2    5    0    7
     2    2    0    1    6    2]
 [   1 1830   16    1    8   36   35    7    6    4    4    5    1   17
     4    3    4   14    3    0]
 [   1   18 1841    5   11   12    0    8   28   10    6    2    5   12
    16    1    6    6    8    3]
 [   6    5    2 1909    2    4    1    0    3   12   10    7    3    5
     3    1    1    8   13    4]
 [  10    5   17    1 1886    9    0    1   27    1    2    6    0    3
     0    2    7    2    9   11]
 [   6   36    8   12    9 1791   33   17   30    7    2   13    4    4
     4    0   13    3    7    0]
 [   2   40    7    5    2   27 1847    3    1    2    3   18    0   11
     0    3    2   22    3    1]
 [   2   15    5    1    5    7    1 1935    2    3    1    6    1    5
     0    2    1    3    3    1]
 [   6   10   45    2   23   12    1    3 1827   14    1   11    0   17
    13    2    4    1    7    0]
 [   3    4   17    3   14    5    0    2   17 1885    3    4    0    9
    17    0    2    2   10    2]
 [   3    6    9   10   10   10    3    4    9   12 1785    8    2    5
     7    2   53    8   40   13]
 [   6   13    9    6   39   28    2    3   26   11    3 1815    2    8
     8    1    1    1   14    3]
 [   2    2    1   20    2   18    1    0    5    9    3    2 1867   22
    13    2    1    1   17   11]
 [   5   11   18   13   10   18    2    8   14   22    8   23   14 1737
    15   21    4    4   41   11]
 [   4    5   48    8    8    7    0    7   23  135   29    9    3   17
  1656    8    3    4   23    2]
 [   0    6   18    2    9    3    0    6    6    6    3    6    2   16
    24 1838    3    4   42    5]
 [   0    3    4    1    4   14    1    1    8    3    7    1    0    1
     1    3 1943    1    2    1]
 [   0   23    4    7    7    4    8    0    8    5   12    1    0    5
     2    1    3 1898    9    2]
 [   0    8   14   13   21    5    1    2   16   29   22    5    2   23
     8   11   11    4 1794   10]
 [   1    1    4   10   20    3    0    1    2    1   27    7    6   10
     9    4   26    5   37 1825]]

Epoch: 10/20 
Test loss: 0.29448264837265015 Test accuracy: 0.9210105052526263 
Test confusion matrix: 
[[1908    2    4    2   15    5    2    1    6    7    3    5    2   16
     7    1    0    2   11    0]
 [   0 1898    9    1    3   11   19    3    2    4    2    6    2   20
     2    8    0    6    3    0]
 [   3   42 1785    3    8    5    2    3   24   12   11    8    5   24
    15   29    2    4    8    6]
 [  12    4    0 1884    3    7    4    0    1   11   11    5    8    8
     6    3    0    7   11   14]
 [  10    8   20    1 1818    2    1    0   37    2    3   26    3   15
     4   14    4    0   14   17]
 [   6   89    8   10    3 1681   62   13   22    9    7   24   15   18
     6    4    8    3    5    6]
 [   0   68    5    1    0   15 1850    2    3    2    4   12    0    6
     3    3    0   16    7    2]
 [   2   24    6    0    1    7    3 1914    4    4    3    7    2   14
     0    3    1    0    2    2]
 [   6   12   59    2    8   11    0    4 1776   18    4   16    1   31
    23   13    1    6    6    2]
 [   6    7   10    3    0    1    0    0    9 1878    3    7    1   22
    33    4    0    2   10    3]
 [   3   10    5    4    1    3    3    0    7    9 1811    8    5    9
    23   14   14    7   34   29]
 [   5    9    5    5    9   12    5    1   19    9    4 1832    9   39
     7   12    2    1   11    3]
 [   2    5    1   13    1    5    0    1    3    4    4    2 1887   35
     7    7    1    0    5   16]
 [   1   19    6    2    3    5    3    1    6    7    9    7   17 1841
     9   32    0    4   15   12]
 [   2    4   20    4    6    1    0    4   15   85   13    6    6   35
  1720   48    0    2   14   14]
 [   1    4    2    1    4    0    4    1    0    4    2    3    2   26
     8 1906    0    1   26    4]
 [   2    3    2    0    2   11    3    3    6    2   25    1    0    4
     4    5 1913    1    5    7]
 [   0   35    5    1    2    5   19    0    5    1   12    5    2    4
     4    4    1 1881    8    5]
 [   5    8    5    6    1    0    0    0   12   13   20    7    8   46
    25   53    2    2 1768   18]
 [   1    3    1    3    3    1    1    0    4    0   14    5    5   30
     6   14    9    2   26 1871]]

Epoch: 11/20 
Test loss: 0.3013087213039398 Test accuracy: 0.9202851425712857 
Test confusion matrix: 
[[1906    3    3   11    5   14    4    1    4   10    3   15    1    8
     2    2    0    3    3    1]
 [   1 1786   14    3    0   34   86   10    3    3    7   13    1   13
     3    2    1   16    2    1]
 [   1   15 1815    6    1    8    4   11   29    7   17   17    8   16
    12    8    3    8    8    5]
 [   2    2    1 1913    2    8    7    0    4    7   13   10    3    4
     2    3    0    7    7    4]
 [  15    8   21    1 1752   13    1    0   44    3    3   92    0   12
     4    5    1    1   10   13]
 [   7   27    8   10    0 1744   73    9   26    6   13   41    5    9
     2    2    6    7    2    2]
 [   0   16    3    2    0   15 1911    1    3    2    8   12    0    5
     2    3    0   11    2    3]
 [   1   11    6    3    0    7    5 1926    2    2    8   13    1    8
     0    2    1    0    2    1]
 [   4    5   32    2    6   11    5    3 1820   14   12   37    1   14
    14    5    0    6    6    2]
 [   5    2    7    7    4    2    0    0   13 1896    7   18    2   12
    20    0    0    0    4    0]
 [   4    2    0   12    2    5    7    0    7   10 1862   11    3    6
     9    6   10   10   15   18]
 [   6    6    3    5    4   19    5    1   14    6    6 1890    2   12
     5    1    0    3    7    4]
 [   1    1    1   20    0   20    2    0    1    3   10    8 1887   20
     7    1    0    1    4   12]
 [   3   19    7    7    1   12    5    9   13    9    9   56   21 1761
    11   17    1    6   16   16]
 [   3    2   33    9    3    4    0    5   15  116   29   20    8   20
  1680   20    0    5   16   11]
 [   1    3   11    3    2    2    3    6    1    4    9   19    4   27
    17 1855    0    1   24    7]
 [   1    1    1    2    1   25    3    3    7    2   43    4    0    0
     2    5 1885    2    2   10]
 [   0   10    0    3    1    6   26    1    6    1   12    7    0    3
     3    2    1 1909    6    2]
 [   2    4    9   13    2    4    3    0   11   16   48   17    9   24
    22   22    5    6 1759   23]
 [   1    1    3    8    7    5    0    0    4    1   52    9    6   18
     9    7    6    6   20 1836]]

